Degree, FPML-time, FPML-err, FPML-Quad-time, FPML-Quad-err, FPML-Comp-time, FPML-Comp-err
        50,       2.19E-04,       3.15E-14,       1.55E-02,       1.45E-15,       6.16E-03,       2.01E-15
        60,       2.19E-04,       3.95E-14,       2.26E-02,       1.62E-15,       9.22E-03,       2.67E-15
        70,       1.88E-04,       6.25E-14,       2.97E-02,       1.94E-15,       1.19E-02,       2.95E-15
        80,       2.50E-04,       7.38E-14,       3.67E-02,       2.23E-15,       1.57E-02,       3.33E-15
        90,       2.50E-04,       1.03E-13,       4.57E-02,       2.47E-15,       1.83E-02,       3.88E-15
       100,       4.06E-04,       1.21E-13,       5.55E-02,       2.86E-15,       2.23E-02,       4.39E-15
       110,       5.31E-04,       1.23E-13,       6.82E-02,       3.09E-15,       2.78E-02,       4.77E-15
       120,       4.06E-04,       1.36E-13,       7.73E-02,       3.50E-15,       3.27E-02,       5.40E-15
       130,       5.00E-04,       1.68E-13,       9.33E-02,       3.56E-15,       3.71E-02,       5.58E-15
       140,       6.88E-04,       1.55E-13,       1.08E-01,       4.03E-15,       4.20E-02,       6.14E-15
       150,       9.06E-04,       1.93E-13,       1.19E-01,       4.36E-15,       5.01E-02,       6.78E-15
       160,       9.38E-04,       2.19E-13,       1.37E-01,       4.55E-15,       5.85E-02,       7.05E-15
       170,       1.06E-03,       2.67E-13,       1.57E-01,       4.76E-15,       6.38E-02,       7.44E-15
       180,       1.19E-03,       2.40E-13,       1.76E-01,       5.12E-15,       7.00E-02,       7.91E-15
       190,       1.22E-03,       3.28E-13,       1.93E-01,       5.29E-15,       8.12E-02,       8.49E-15
       200,       1.44E-03,       3.50E-13,       2.13E-01,       5.84E-15,       8.75E-02,       9.32E-15
       210,       1.72E-03,       4.04E-13,       2.35E-01,       6.07E-15,       9.64E-02,       9.40E-15
       220,       1.66E-03,       3.92E-13,       2.56E-01,       6.50E-15,       1.06E-01,       9.81E-15
       230,       1.88E-03,       4.46E-13,       2.79E-01,       6.45E-15,       1.16E-01,       1.04E-14
       240,       1.97E-03,       4.94E-13,       3.05E-01,       7.12E-15,       1.27E-01,       1.14E-14
       250,       2.22E-03,       4.33E-13,       3.31E-01,       7.03E-15,       1.37E-01,       1.12E-14
       260,       2.41E-03,       5.47E-13,       3.60E-01,       7.68E-15,       1.49E-01,       1.21E-14
       270,       2.56E-03,       5.45E-13,       3.83E-01,       7.84E-15,       1.58E-01,       1.21E-14
       280,       2.91E-03,       5.89E-13,       4.09E-01,       7.89E-15,       1.73E-01,       1.33E-14
       290,       2.94E-03,       6.31E-13,       4.47E-01,       8.86E-15,       1.88E-01,       1.36E-14
       300,       3.16E-03,       6.26E-13,       4.73E-01,       9.16E-15,       1.96E-01,       1.38E-14
       310,       3.50E-03,       6.91E-13,       5.33E-01,       9.16E-15,       2.22E-01,       1.43E-14
       320,       3.84E-03,       7.61E-13,       5.65E-01,       9.46E-15,       2.39E-01,       1.49E-14
       330,       3.97E-03,       7.86E-13,       5.95E-01,       9.58E-15,       2.47E-01,       1.55E-14
       340,       4.13E-03,       7.42E-13,       6.32E-01,       1.04E-14,       2.66E-01,       1.60E-14
       350,       4.47E-03,       8.46E-13,       6.84E-01,       1.02E-14,       2.88E-01,       1.65E-14
       360,       4.69E-03,       9.53E-13,       7.10E-01,       1.07E-14,       3.05E-01,       1.68E-14
       370,       5.03E-03,       9.55E-13,       7.55E-01,       1.07E-14,       3.20E-01,       1.74E-14
       380,       5.13E-03,       1.01E-12,       7.95E-01,       1.13E-14,       3.31E-01,       1.78E-14
       390,       5.34E-03,       1.09E-12,       8.22E-01,       1.14E-14,       3.43E-01,       1.83E-14
       400,       5.50E-03,       1.08E-12,       8.46E-01,       1.21E-14,       3.53E-01,       1.89E-14
       410,       5.88E-03,       1.03E-12,       8.91E-01,       1.25E-14,       3.77E-01,       1.93E-14
       420,       6.22E-03,       1.12E-12,       9.45E-01,       1.25E-14,       3.91E-01,       2.07E-14
       430,       6.47E-03,       1.30E-12,       9.76E-01,       1.28E-14,       4.15E-01,       2.08E-14
       440,       6.47E-03,       1.27E-12,       1.01E+00,       1.28E-14,       4.36E-01,       2.05E-14
       450,       7.06E-03,       1.28E-12,       1.08E+00,       1.33E-14,       4.55E-01,       2.12E-14
       460,       7.31E-03,       1.33E-12,       1.12E+00,       1.38E-14,       4.75E-01,       2.24E-14
       470,       7.72E-03,       1.39E-12,       1.18E+00,       1.44E-14,       4.87E-01,       2.18E-14
       480,       7.88E-03,       1.56E-12,       1.24E+00,       1.46E-14,       5.29E-01,       2.31E-14
       490,       8.56E-03,       1.51E-12,       1.30E+00,       1.45E-14,       5.31E-01,       2.35E-14
       500,       8.75E-03,       1.56E-12,       1.33E+00,       1.50E-14,       5.58E-01,       2.37E-14
       510,       9.22E-03,       1.65E-12,       1.39E+00,       1.61E-14,       5.96E-01,       2.50E-14
       520,       9.38E-03,       1.60E-12,       1.44E+00,       1.49E-14,       6.06E-01,       2.50E-14
       530,       9.59E-03,       1.68E-12,       1.45E+00,       1.59E-14,       6.33E-01,       2.61E-14
       540,       1.00E-02,       1.67E-12,       1.51E+00,       1.62E-14,       6.40E-01,       2.62E-14
       550,       1.08E-02,       1.77E-12,       1.67E+00,       1.68E-14,       6.93E-01,       2.62E-14
       560,       1.23E-02,       1.77E-12,       1.82E+00,       1.70E-14,       7.61E-01,       2.79E-14
       570,       1.25E-02,       1.78E-12,       1.91E+00,       1.67E-14,       7.87E-01,       2.71E-14
       580,       1.35E-02,       1.88E-12,       2.03E+00,       1.71E-14,       8.50E-01,       2.78E-14
       590,       1.32E-02,       1.97E-12,       2.04E+00,       1.77E-14,       8.58E-01,       2.91E-14
       600,       1.32E-02,       2.10E-12,       1.99E+00,       1.80E-14,       8.52E-01,       2.85E-14
